0.12500 0.09846 0.00832 0.09112 0.01825 0.11192 0.03812 0.00808 0.02207 -0.01515 0.04394 -0.02342 0.04760 0.00000
0.37500 0.12793 0.00800 0.12979 0.01349 0.12890 0.02139 -0.00213 0.01802 -0.00111 0.02622 0.00102 0.02903 0.00000
0.62500 0.14300 0.00972 0.15062 0.01256 0.12594 0.01555 -0.00898 0.01870 0.01952 0.02098 0.02825 0.02287 0.00000
0.87500 0.14692 0.01227 0.14991 0.01162 0.14487 0.01401 -0.00352 0.01988 0.00239 0.02177 0.00589 0.02128 0.00000
1.12500 0.15336 0.01720 0.15382 0.01129 0.14296 0.01231 -0.00055 0.02431 0.01214 0.02468 0.01268 0.01950 0.00000
1.37500 0.15783 0.02553 0.15384 0.01147 0.14104 0.01152 0.00472 0.03308 0.01956 0.03261 0.01491 0.01892 0.00000
1.62500 0.15325 0.03270 0.15292 0.01206 0.14847 0.01176 0.00038 0.04114 0.00561 0.04080 0.00522 0.01978 0.00000
1.87500 0.14737 0.04502 0.14663 0.01265 0.12576 0.01070 0.00087 0.05479 0.02472 0.05293 0.02387 0.01896 0.00000
2.12500 0.09979 0.05978 0.12909 0.01183 0.11114 0.00966 -0.03365 0.06997 -0.01277 0.06812 0.02020 0.01719 0.00000
2.37500 0.11127 0.08883 0.11758 0.01188 0.13447 0.01028 -0.00715 0.10157 -0.02680 0.10332 -0.01952 0.01815 0.00000
2.62500 0.09424 0.09936 0.12066 0.01201 0.11847 0.00921 -0.03005 0.11381 -0.02749 0.11319 0.00248 0.01717 0.00000
2.87500 0.09615 0.15204 0.13261 0.01296 0.13200 0.00952 -0.04203 0.17593 -0.04129 0.17551 0.00071 0.01852 0.00000
